0,536
0,535
0,472
237,2
237,9
237,8
237,6
256,52
256,51
256,50
256,49
256,48
256,47
256,46
256,45
256,44
256,43
256,42
256,41
256,40
256,39
256,38
256,37
256,36
256,35
3,2
3,1
3,3
10,159
10,33
10,271
10,225
10,279
10,293
10,255
10,137
8,18
8,15
8,17
8,16
8,8
8,2
8,3
0,526
241,3
241,1
240,3
240,1
239,3
239,1
238,4
238,3
238,1
237,7
237,5
237,4
237,3
237,1
236,5
236,4
236,3
236,2
236,1
234,3
234,1
233,3
233,1
232,4
232,3
232,1
231,3
231,2
231,1
230,5
230,3
230,1
229,4
229,3
229,1
228,4
228,1
227,4
227,3
227,1
226,3
226,1
20,3
20,2
20,1
19,3
19,2
19,1
14,4
12,3
12,2
12,1
11,30
11,29
11,28
11,27
11,26
11,25
11,24
11,23
11,22
11,21
11,20
11,19
11,18
11,17
11,16
11,15
11,14
11,13
11,12
11,11
11,10
11,9
18,1
11,8
18,3
11,7
11,6
